 difficulty | occurrences 
------------+-------------
    -338202 |        1596
    -337737 |        1468
    -337321 |        1719
    -336249 |        1287
    -333985 |        1127
    -331135 |         905
    -327847 |         694
    -324233 |         512
    -320385 |         354
    -316372 |         243
    -312248 |         106
    -310383 |         525
    -310129 |         611
    -309592 |         410
    -309059 |         685
    -308058 |          68
    -307456 |         336
    -307356 |         731
    -305161 |         707
    -303835 |          46
    -303589 |         235
    -302586 |         595
    -299720 |         543
    -299607 |          16
    -296636 |         429
    -295394 |           7
    -293388 |         286
    -290024 |         175
    -287077 |           1
    -286984 |         248
    -286866 |         316
    -286580 |         113
    -286273 |         175
    -286088 |         388
    -284787 |         485
    -284518 |         121
    -283086 |          56
    -283069 |         467
    -281447 |          78
    -281023 |         453
    -279564 |          22
    -278719 |         421
    -276711 |          47
    -276214 |         323
    -276036 |           7
    -273554 |         198
    -272515 |           1
    -270778 |         106
    -269857 |          30
    -269014 |           2
    -267916 |          94
    -267016 |         194
    -266988 |         244
    -266418 |         325
    -266375 |         138
    -265411 |         367
    -264994 |          25
    -264908 |          83
    -264049 |         387
    -262417 |          56
    -262403 |         360
    -262033 |           9
    -260527 |         296
    -259051 |           5
    -258653 |          42
    -258470 |         226
    -256267 |         133
    -256060 |           1
    -253953 |          69
    -253302 |          21
    -251552 |          47
    -249798 |         250
    -249767 |         204
    -249380 |         290
    -249188 |         154
    -249087 |          14
    -248592 |         325
    -247943 |         107
    -247501 |         325
    -246576 |           4
    -246161 |         266
    -245965 |           5
    -245885 |          68
    -244619 |         185
    -242911 |         123
    -242832 |          35
    -241071 |          70
    -239124 |          30
    -238561 |          15
    -237092 |           9
    -236124 |           4
    -234782 |         257
    -234711 |         199
    -234475 |         270
    -234186 |         181
    -233853 |         257
    -233116 |          91
    -232970 |         233
    -232787 |          10
    -231870 |         173
    -231389 |          81
    -230589 |         120
    -229160 |          69
    -228871 |          50
    -227609 |          21
    -225395 |          24
    -225158 |          10
    -221545 |         277
    -221448 |         252
    -221322 |         263
    -220971 |         202
    -220829 |         222
    -220757 |          12
    -220108 |         172
    -220041 |         133
    -219197 |         103
    -218574 |          99
    -218125 |          49
    -216465 |          62
    -215219 |           2
    -214705 |           2
    -213590 |          35
    -209798 |          18
    -209787 |         268
    -209673 |         248
    -209627 |         204
    -209237 |         231
    -209233 |         153
    -208641 |          86
    -208422 |         181
    -207160 |         110
    -206922 |           4
    -205372 |          87
    -204904 |           7
    -202961 |          44
    -199814 |          26
    -199270 |         177
    -199157 |         146
    -199145 |         209
    -198746 |         268
    -198681 |           5
    -198025 |         207
    -196929 |         176
    -195791 |          20
    -195396 |         132
    -193350 |          73
    -190848 |           1
    -190726 |           5
    -190702 |          50
    -189674 |         165
    -189306 |         214
    -188664 |         225
    -187704 |         207
    -187349 |          26
    -186376 |         188
    -184621 |         133
    -184414 |           1
    -183162 |          12
    -182369 |          82
    -180190 |         200
    -179539 |          51
    -179343 |         207
    -178183 |         234
    -177992 |           9
    -176663 |         194
    -176605 |           4
    -176033 |          26
    -174728 |         126
    -172313 |          97
    -171736 |          12
    -171653 |           1
    -170706 |         196
    -169379 |         201
    -169343 |          56
    -168868 |           1
    -167701 |         197
    -166992 |           1
    -166511 |           8
    -165728 |          26
    -165621 |         127
    -163923 |           2
    -163079 |         103
    -161364 |          18
    -161223 |         210
    -160193 |           2
    -160005 |          61
    -159416 |         198
    -157220 |         150
    -156316 |          33
    -156124 |           4
    -154580 |         106
    -154530 |           1
    -151917 |           9
    -151739 |         224
    -151431 |          71
    -149452 |         170
    -147697 |          37
    -146739 |         114
    -146694 |          11
    -143539 |          63
    -143433 |           4
    -143290 |          16
    -142393 |           1
    -142255 |         173
    -140512 |           4
    -139782 |          33
    -139489 |         128
    -138107 |           8
    -136257 |          76
    -135389 |          18
    -132772 |         158
    -132497 |          37
    -132025 |           1
    -130264 |           3
    -129525 |         108
    -128134 |          35
    -125776 |          64
    -124296 |           2
    -123288 |         110
    -123081 |           8
    -121456 |          40
    -119562 |          83
    -117355 |           4
    -117237 |           2
    -116485 |          20
    -115295 |          37
    -113804 |          71
    -110773 |           7
    -110485 |           2
    -110414 |          20
    -109598 |          51
    -104837 |           6
    -104813 |          24
    -104321 |          63
    -104211 |           3
    -102686 |           2
     -99635 |          22
     -99373 |          12
     -98465 |           3
     -96675 |           2
     -94837 |          38
     -94332 |          13
     -93188 |           2
     -89671 |          18
     -88331 |           5
     -86157 |           2
     -85353 |          25
     -83851 |           4
     -81540 |           2
     -79708 |          12
     -75870 |          12
     -73369 |           4
     -69891 |           2
     -69744 |           4
     -66386 |           4
     -66249 |           2
     -62888 |           1
     -59781 |           2
     -56902 |           5
     -49817 |           1
     -47418 |           2
     -46115 |           1
     -44417 |           2
     -42923 |           1
     -41503 |           1
     -40883 |           1
     -39482 |           2
     -38153 |           2
     -37935 |           1
     -37066 |           1
     -36892 |           2
     -35773 |           2
     -35692 |           1
     -34547 |           6
     -33384 |          16
     -32280 |           5
     -31231 |           5
     -30662 |           1
     -29612 |          13
     -28615 |          37
     -27669 |          37
     -26769 |          11
     -25914 |           1
     -25552 |          10
     -24676 |          36
     -23846 |          78
     -23057 |          91
     -22308 |          23
     -21595 |           3
     -20441 |           5
     -19741 |          35
     -19077 |         120
     -18446 |         135
     -17846 |          51
     -17276 |           7
     -16733 |           1
     -15331 |           3
     -14806 |          31
     -14308 |          96
     -13834 |         103
     -13385 |          63
     -12957 |           5
      -9871 |           2
      -9538 |          15
      -9223 |          19
      -8923 |          15
      -8638 |           2
      -4769 |           1
      -4462 |           1
  199981554 |           1
  209933614 |           1
  209981554 |           1
  219975324 |           1
  219981554 |           1
  239986615 |           1
  249961847 |           1
  259965453 |           1
  259976154 |           2
  259976943 |           1
  259990777 |           1
  269985194 |           1
  269990129 |           1
  269990462 |           1
  269990777 |           1
  279976154 |           1
  279980923 |           1
  279981554 |           3
  279986166 |           1
  289967720 |           1
  289976154 |           1
  289980259 |           1
  289981554 |           1
  289986166 |           1
  299967720 |           1
  299968556 |           1
  299968769 |           1
  299980259 |           1
  299981554 |           1
  299988959 |           1
  309917136 |           1
  309970388 |           1
  309971385 |           1
  309972331 |           1
  309973231 |           1
  309976154 |           1
  309982154 |           1
  319905668 |           1
  319911669 |           1
  319976154 |           3
  319976943 |           1
  319977692 |           1
  319981554 |           1
  319985692 |           1
  319986166 |           1
  319986615 |           1
  319987043 |           1
  329880438 |           1
  329913843 |           1
  329971385 |           1
  329974086 |           1
  329976154 |           1
  329976943 |           1
  329977692 |           1
  329980259 |           1
  329980923 |           1
  329981554 |           1
  329982154 |           2
  329989779 |           1
  339930256 |           1
  339965453 |           1
  339976943 |           1
  339980073 |           1
  339981554 |           3
  339982154 |           1
  339985194 |           1
  339986166 |           1
  339986615 |           2
  349910329 |           1
  349924130 |           1
  349971385 |           1
  349972331 |           2
  349975324 |           1
  349976154 |           1
  349976943 |           1
  349980259 |           2
  349980923 |           1
  349981554 |           2
  349982154 |           1
  349985194 |           1
  349986166 |           2
  349990129 |           1
  359965453 |           1
  359970388 |           1
  359972331 |           1
  359976154 |           1
  359976943 |           2
  359977924 |           1
  359980259 |           1
  359980923 |           1
  359981554 |           6
  359982154 |           2
  359982724 |           1
  359986166 |           2
  359987043 |           1
  359990462 |           1
  359990777 |           1
  360000000 |           1
  369971385 |           1
  369972331 |           4
  369976154 |           2
  369976943 |           2
  369980923 |           2
  369981554 |           2
  369982154 |           3
  369982724 |           1
  369984669 |           1
  369985692 |           1
  369986166 |           5
  369986615 |           1
  369990462 |           1
  379976154 |           1
  379976943 |           3
  379977692 |           4
  379980259 |           1
  379980923 |           3
  379981554 |           6
  379982154 |           2
  379985194 |           2
  379985692 |           4
  379986166 |           2
  379986615 |           2
  379987043 |           1
  379990129 |           1
  379990462 |           2
  379990777 |           1
  379991077 |           1
  380000000 |           1
  389958075 |           1
  389965453 |           1
  389967720 |           1
  389970388 |           1
  389972331 |           1
  389975324 |           1
  389976154 |           3
  389976943 |           6
  389980073 |           1
  389980923 |           2
  389981554 |           3
  389982154 |           1
  389982724 |           1
  389984669 |           1
  389985194 |           2
  389985692 |           3
  389986166 |           2
  389986615 |           6
  389988351 |           1
  389990129 |           1
  389991077 |           1
  389991362 |           1
  399940219 |           1
  399971385 |           1
  399972331 |           2
  399975324 |           1
  399976154 |           2
  399976943 |           3
  399980259 |           1
  399980923 |           5
  399981554 |           5
  399982154 |           4
  399985194 |           4
  399985692 |           3
  399986166 |           2
  399986615 |           2
  399987043 |           1
  399990129 |           1
  399990462 |           1
  399990777 |           3
  399991077 |           2
  399995538 |           1
  400000000 |           1
  409967720 |           1
  409971385 |           2
  409972331 |           2
  409976154 |           1
  409976943 |           2
  409980923 |           5
  409981554 |           7
  409982154 |           1
  409982724 |           1
  409985194 |           1
  409985692 |           7
  409986166 |           8
  409986615 |           2
  409987043 |           1
  409990462 |           3
  409990777 |           5
  409991077 |           1
  419952308 |           1
  419960146 |           1
  419976154 |           2
  419977692 |           1
  419980259 |           2
  419980923 |           2
  419981554 |           4
  419982154 |           4
  419982724 |           1
  419984669 |           1
  419985194 |           4
  419985692 |           6
  419986166 |          12
  419986189 |           1
  419986615 |           5
  419987043 |           2
  419989779 |           1
  419990129 |           1
  419990462 |           1
  419990777 |           6
  419991077 |           3
  419995231 |           1
  420000000 |           1
  429944793 |           1
  429971385 |           2
  429972331 |           1
  429974448 |           1
  429975324 |           2
  429976154 |           2
  429976943 |           2
  429977692 |           2
  429980259 |           1
  429980923 |           6
  429981554 |           4
  429982154 |           5
  429984669 |           1
  429985194 |           3
  429985692 |           9
  429986166 |           8
  429986615 |           2
  429987043 |           1
  429989779 |           1
  429990129 |           1
  429990462 |           8
  429990777 |          11
  429991077 |           4
  429994705 |           1
  429995065 |           1
  429995231 |           1
  429995389 |           1
  439967720 |           2
  439969767 |           1
  439972331 |           2
  439976154 |           1
  439976943 |           5
  439980259 |           3
  439980923 |           3
  439981554 |          11
  439982154 |           3
  439982201 |           1
  439982724 |           1
  439984669 |           1
  439985194 |           4
  439985692 |           4
  439986166 |          12
  439986615 |           8
  439987043 |           1
  439990129 |           4
  439990462 |          10
  439990777 |          12
  439991077 |           4
  439994890 |           3
  439995065 |           2
  439995389 |           4
  439995538 |           1
  440000000 |           2
  449966616 |           1
  449971385 |           1
  449972331 |           1
  449973231 |           4
  449976154 |           2
  449976943 |           1
  449977692 |           1
  449979559 |           1
  449980259 |           4
  449980923 |           6
  449981554 |           9
  449982154 |           2
  449983349 |           1
  449985194 |           4
  449985692 |           9
  449986166 |          17
  449986615 |          13
  449987043 |           3
  449989779 |           1
  449990037 |           1
  449990129 |           9
  449990462 |          16
  449990777 |          11
  449991077 |          12
  449994890 |           1
  449995065 |           3
  449995231 |           3
  449995389 |           1
  449995538 |           1
  449995681 |           1
  459966616 |           2
  459968769 |           1
  459975324 |           1
  459976943 |           3
  459980259 |           1
  459980923 |           4
  459981554 |          10
  459982154 |           3
  459982724 |           1
  459984669 |           1
  459985194 |           8
  459985692 |          11
  459986166 |          11
  459986615 |           8
  459987043 |           1
  459989779 |           1
  459990129 |           6
  459990462 |          28
  459990777 |          17
  459991077 |           8
  459991362 |           3
  459991634 |           1
  459994890 |           1
  459995065 |           4
  459995231 |          15
  459995389 |           8
  459995538 |           1
  460000000 |           2
  469970388 |           2
  469971385 |           1
  469972331 |           2
  469975324 |           1
  469976154 |           1
  469976943 |           2
  469978405 |           1
  469980259 |           1
  469980923 |           1
  469981554 |          10
  469984669 |           1
  469985194 |           3
  469985692 |           3
  469986166 |          16
  469986615 |          10
  469987043 |           3
  469989410 |           1
  469989779 |           2
  469990129 |           3
  469990462 |          30
  469990777 |          35
  469991077 |          18
  469995065 |           5
  469995231 |          20
  469995389 |          12
  469995538 |           5
  469995817 |           1
  470000000 |           3
  479967720 |           1
  479972331 |           1
  479975324 |           1
  479976154 |           3
  479976943 |           2
  479977692 |           1
  479980259 |           4
  479980923 |           2
  479981554 |           8
  479982154 |           4
  479985194 |           2
  479985692 |          12
  479986166 |          18
  479986615 |          11
  479987043 |           1
  479990129 |           8
  479990462 |          23
  479990777 |          39
  479991077 |          22
  479991362 |           1
  479995065 |           7
  479995231 |          24
  479995389 |          34
  479995538 |           4
  479995681 |           2
  480000000 |           3
  489971385 |           1
  489976154 |           5
  489976943 |           3
  489980259 |           3
  489980923 |           5
  489981554 |           3
  489982154 |           3
  489982201 |           1
  489985194 |           3
  489985692 |           6
  489986166 |          10
  489986615 |           3
  489990129 |           3
  489990462 |          26
  489990777 |          39
  489991077 |          34
  489991362 |           4
  489991634 |           2
  489994890 |           2
  489995065 |          13
  489995231 |          31
  489995389 |          48
  489995538 |          18
  489995681 |           5
  490000000 |          10
  499955834 |           1
  499961847 |           1
  499965453 |           1
  499969767 |           1
  499971385 |           1
  499975324 |           3
  499976154 |           1
  499976943 |           3
  499979559 |           1
  499980259 |           1
  499980923 |           4
  499981033 |           1
  499981554 |           4
  499982154 |           5
  499982724 |           1
  499985194 |           3
  499985692 |           9
  499986166 |          16
  499986615 |           8
  499989779 |           1
  499990129 |           8
  499990462 |          17
  499990777 |          36
  499991077 |          15
  499991362 |           5
  499994890 |           3
  499995065 |          12
  499995231 |          47
  499995389 |          68
  499995538 |          28
  499995681 |           6
  500000000 |          24
  509950768 |           1
  509971385 |           2
  509975324 |           3
  509976154 |           4
  509976943 |           1
  509977692 |           1
  509980259 |           2
  509980923 |           5
  509981554 |           2
  509982154 |           5
  509982724 |           1
  509985194 |           2
  509985692 |          10
  509986166 |           8
  509986615 |           9
  509989779 |           1
  509990129 |           8
  509990462 |          16
  509990777 |          36
  509991077 |          17
  509991362 |           4
  509994890 |           3
  509995065 |          15
  509995231 |          49
  509995389 |          70
  509995538 |          49
  509995681 |          10
  509995817 |           1
  510000000 |          60
  519950183 |           1
  519970661 |           1
  519971385 |           1
  519973231 |           1
  519975324 |           1
  519976154 |           3
  519976943 |           2
  519980259 |           1
  519980923 |           2
  519981554 |           5
  519982154 |           1
  519982724 |           1
  519985194 |           4
  519985692 |           8
  519986166 |          11
  519986615 |           5
  519987043 |           2
  519989779 |           2
  519990129 |           2
  519990462 |          16
  519990777 |          21
  519991077 |          15
  519991362 |           1
  519994705 |           1
  519995065 |          14
  519995231 |          39
  519995389 |          65
  519995538 |          53
  519995681 |          15
  520000000 |         106
  529964227 |           1
  529975324 |           1
  529976154 |           1
  529976943 |           2
  529979559 |           1
  529980259 |           1
  529980923 |           3
  529981554 |           4
  529982154 |           3
  529984115 |           1
  529985692 |          12
  529986166 |          11
  529986615 |           5
  529987043 |           1
  529990129 |           2
  529990462 |           7
  529990777 |          22
  529991077 |          16
  529991362 |           2
  529994890 |           2
  529995065 |          10
  529995231 |          38
  529995389 |          65
  529995538 |          39
  529995681 |          14
  529995817 |           3
  530000000 |         145
  539969338 |           1
  539975324 |           2
  539976943 |           3
  539977692 |           1
  539980259 |           2
  539980923 |           4
  539981554 |           3
  539982154 |           1
  539983349 |           1
  539985194 |           5
  539985692 |           2
  539986166 |           8
  539986615 |           6
  539990129 |           4
  539990462 |          10
  539990777 |          21
  539991077 |          13
  539991362 |           3
  539995065 |          12
  539995231 |          38
  539995389 |          44
  539995538 |          36
  539995681 |          13
  540000000 |         192
  549963108 |           1
  549971385 |           1
  549974448 |           1
  549975324 |           2
  549976154 |           1
  549976943 |           6
  549977692 |           1
  549977917 |           1
  549980259 |           1
  549980923 |           6
  549981554 |           3
  549982154 |           2
  549982724 |           1
  549984388 |           1
  549985692 |           6
  549986166 |           8
  549986189 |           1
  549986615 |           6
  549990129 |           5
  549990462 |          20
  549990777 |          15
  549991077 |          11
  549991362 |           4
  549994890 |           4
  549995065 |          10
  549995231 |          25
  549995389 |          47
  549995538 |          34
  549995681 |          12
  549995817 |           1
  550000000 |         196
  559967720 |           1
  559970388 |           1
  559976154 |           3
  559976943 |           1
  559979559 |           1
  559980259 |           1
  559980923 |           2
  559981554 |           3
  559982154 |           5
  559985194 |           3
  559985692 |           2
  559986166 |           9
  559986615 |           4
  559989779 |           2
  559990129 |           5
  559990462 |           6
  559990777 |          16
  559991077 |          10
  559991362 |           4
  559995065 |           5
  559995231 |          23
  559995389 |          49
  559995538 |          33
  559995681 |           6
  559995817 |           1
  560000000 |         162
  569930256 |           1
  569976154 |           1
  569976943 |           3
  569978405 |           1
  569980259 |           3
  569980923 |           6
  569981554 |           5
  569982154 |           3
  569985194 |           4
  569985692 |           8
  569986166 |          10
  569986615 |           2
  569990129 |           1
  569990462 |           9
  569990777 |          17
  569991077 |           7
  569991362 |           3
  569994890 |           1
  569995065 |           9
  569995231 |          35
  569995389 |          46
  569995538 |          24
  569995681 |           7
  570000000 |         179
  579972331 |           1
  579975324 |           2
  579976154 |           2
  579977692 |           2
  579979559 |           2
  579980259 |           3
  579980923 |           4
  579981554 |           7
  579982154 |           4
  579985194 |           1
  579985692 |           7
  579986166 |           7
  579986615 |           4
  579987043 |           1
  579990129 |           2
  579990462 |          19
  579990777 |          14
  579991077 |           8
  579991362 |           2
  579994890 |           1
  579995065 |           3
  579995231 |          34
  579995389 |          38
  579995538 |          14
  579995681 |           8
  579995817 |           1
  580000000 |         159
  589971385 |           1
  589975324 |           2
  589976154 |           2
  589976943 |           3
  589979559 |           1
  589980259 |           5
  589980923 |           2
  589981554 |           3
  589982154 |           1
  589985194 |           4
  589985692 |           4
  589986166 |           4
  589986615 |           3
  589989779 |           1
  589990129 |           4
  589990462 |          12
  589990777 |          21
  589991077 |           9
  589991362 |           2
  589995065 |           5
  589995231 |          18
  589995389 |          29
  589995538 |          25
  589995681 |           7
  590000000 |         120
  599971385 |           1
  599975324 |           1
  599976154 |           2
  599976943 |           2
  599977692 |           3
  599980259 |           1
  599980923 |           5
  599981554 |           6
  599982154 |           1
  599984115 |           1
  599985194 |           2
  599985692 |           9
  599986166 |           9
  599986189 |           1
  599986615 |           6
  599987043 |           1
  599990129 |           6
  599990462 |           4
  599990777 |          14
  599991077 |           6
  599991362 |           3
  599994890 |           2
  599995065 |           7
  599995231 |          17
  599995389 |          20
  599995538 |          17
  599995681 |           1
  600000000 |          93
  609971385 |           1
  609972331 |           1
  609976154 |           2
  609976943 |           2
  609980259 |           2
  609980923 |           2
  609981554 |           3
  609982154 |           2
  609984669 |           1
  609985194 |           1
  609985692 |           5
  609986166 |           8
  609986615 |           2
  609989779 |           1
  609990129 |           4
  609990462 |           5
  609990777 |           6
  609991077 |           6
  609991362 |           2
  609995065 |           2
  609995231 |          15
  609995389 |          33
  609995538 |          16
  609995681 |           3
  609995817 |           2
  610000000 |          78
  619966616 |           1
  619972331 |           1
  619973524 |           1
  619976154 |           2
  619977692 |           2
  619980259 |           1
  619980923 |           3
  619981554 |           8
  619982154 |           3
  619984669 |           1
  619985194 |           2
  619985692 |           3
  619986166 |           4
  619986615 |           4
  619987043 |           1
  619989779 |           1
  619990129 |           2
  619990462 |          11
  619990777 |           9
  619991077 |           7
  619991362 |           1
  619995065 |           8
  619995231 |          14
  619995389 |          22
  619995538 |          13
  619995681 |           4
  619995817 |           1
  620000000 |          69
  629971385 |           2
  629973231 |           2
  629974448 |           1
  629975324 |           1
  629976154 |           1
  629976943 |           3
  629977692 |           2
  629980259 |           3
  629980923 |           5
  629981554 |           2
  629985194 |           1
  629985692 |           9
  629986166 |          12
  629986615 |           5
  629986974 |           1
  629987043 |           1
  629989779 |           1
  629990462 |           7
  629990777 |          10
  629991077 |           6
  629991362 |           2
  629995065 |           3
  629995231 |          16
  629995389 |          25
  629995538 |          10
  629995681 |           4
  630000000 |          51
  639975324 |           1
  639976154 |           3
  639976943 |           4
  639979559 |           1
  639980259 |           1
  639980923 |           3
  639981554 |           2
  639982154 |           2
  639982724 |           1
  639985194 |           1
  639985692 |           4
  639986166 |           4
  639986615 |           2
  639987043 |           1
  639987450 |           1
  639989519 |           1
  639990129 |           4
  639990462 |           9
  639990777 |           5
  639991077 |           2
  639994890 |           2
  639995065 |           3
  639995231 |           7
  639995389 |          19
  639995538 |           9
  639995681 |           3
  640000000 |          47
  649967720 |           1
  649971385 |           1
  649972331 |           2
  649973231 |           1
  649976154 |           2
  649976943 |           2
  649980259 |           1
  649980923 |           5
  649981554 |           4
  649982154 |           2
  649985194 |           2
  649985692 |           5
  649986166 |          10
  649986615 |           3
  649987043 |           1
  649990129 |           3
  649990462 |           7
  649990777 |          10
  649991077 |           9
  649991362 |           2
  649994890 |           1
  649995065 |           4
  649995231 |          15
  649995389 |          15
  649995538 |          16
  649995681 |           3
  650000000 |          52
  659972331 |           1
  659975324 |           1
  659976943 |           2
  659977692 |           1
  659980259 |           1
  659980923 |           2
  659981554 |           6
  659982154 |           2
  659984669 |           2
  659985194 |           8
  659985692 |           8
  659986166 |           6
  659986615 |           5
  659990129 |           2
  659990462 |           2
  659990777 |          10
  659991077 |           7
  659991362 |           2
  659995065 |           8
  659995231 |           7
  659995389 |          21
  659995538 |          12
  659995681 |           1
  660000000 |          44
  669972331 |           2
  669975324 |           2
  669976154 |           3
  669976943 |           2
  669980259 |           2
  669980923 |           3
  669981554 |           8
  669982154 |           4
  669984669 |           2
  669985194 |           2
  669985692 |           3
  669986166 |           7
  669986615 |           2
  669987043 |           1
  669989519 |           1
  669990129 |           4
  669990462 |           3
  669990777 |           9
  669991077 |           4
  669991362 |           1
  669994890 |           1
  669995065 |           2
  669995231 |           4
  669995389 |          12
  669995538 |           5
  669995681 |           1
  670000000 |          41
  679971385 |           1
  679975324 |           2
  679976154 |           1
  679976943 |           1
  679980259 |           1
  679980923 |           3
  679981554 |           5
  679982154 |           1
  679985194 |           4
  679985692 |           3
  679986166 |           9
  679986615 |           3
  679987043 |           1
  679990462 |           8
  679990777 |           6
  679991077 |           3
  679995065 |           4
  679995231 |           6
  679995389 |          14
  679995538 |           7
  679995681 |           1
  680000000 |          30
  689975324 |           1
  689976943 |           1
  689979559 |           1
  689980259 |           1
  689981554 |           3
  689982154 |           2
  689982724 |           1
  689985194 |           3
  689985692 |           6
  689986166 |           7
  689986615 |           3
  689989779 |           1
  689990129 |           1
  689990462 |           6
  689990777 |          10
  689991077 |           7
  689991362 |           2
  689995065 |           4
  689995231 |           8
  689995389 |          20
  689995538 |           6
  690000000 |          23
  699970388 |           1
  699976154 |           1
  699980259 |           1
  699980923 |           1
  699981554 |           5
  699982154 |           3
  699984669 |           1
  699985692 |           4
  699986166 |          11
  699986615 |           3
  699990129 |           2
  699990462 |           5
  699990777 |           8
  699991077 |           4
  699991362 |           1
  699995065 |           3
  699995231 |           9
  699995389 |          13
  699995538 |           9
  699995681 |           3
  700000000 |          35
  709971385 |           1
  709976154 |           2
  709976943 |           2
  709980259 |           3
  709980923 |           5
  709981554 |           1
  709982154 |           3
  709985692 |           9
  709986166 |           3
  709986615 |           1
  709989779 |           2
  709990129 |           1
  709990462 |          10
  709990777 |           3
  709991077 |           2
  709991362 |           1
  709995065 |           1
  709995231 |           9
  709995389 |          12
  709995538 |           3
  710000000 |          26
  719972331 |           1
  719975324 |           2
  719976943 |           1
  719980259 |           3
  719980923 |           5
  719981554 |           4
  719982154 |           2
  719985194 |           2
  719985692 |           6
  719986166 |           3
  719986615 |           4
  719987043 |           1
  719989779 |           1
  719990129 |           2
  719990462 |           4
  719990777 |           7
  719991077 |           5
  719991362 |           1
  719994890 |           1
  719995065 |           1
  719995231 |           9
  719995389 |           9
  719995538 |           4
  719995681 |           1
  720000000 |          23
  729976154 |           1
  729979559 |           1
  729980259 |           1
  729980923 |           1
  729981554 |           5
  729982154 |           5
  729985194 |           1
  729986166 |           7
  729986615 |           1
  729990129 |           4
  729990462 |           2
  729990777 |           3
  729991077 |           7
  729994890 |           1
  729995065 |           4
  729995231 |           4
  729995389 |           7
  729995538 |           5
  730000000 |          25
  739976154 |           2
  739976943 |           3
  739977692 |           1
  739980923 |           2
  739981554 |           2
  739985194 |           1
  739985692 |           6
  739986166 |           6
  739986615 |           1
  739990129 |           2
  739990462 |           5
  739990777 |           5
  739991077 |           2
  739994890 |           1
  739995065 |           4
  739995231 |           9
  739995389 |           9
  739995538 |           5
  740000000 |          10
  749966616 |           1
  749971385 |           1
  749974448 |           1
  749976154 |           1
  749976943 |           1
  749977692 |           1
  749980259 |           1
  749980923 |           3
  749981554 |           2
  749984669 |           1
  749985194 |           4
  749985692 |           4
  749986166 |           7
  749986615 |           2
  749987043 |           1
  749990129 |           4
  749990462 |           3
  749990777 |          10
  749991077 |           4
  749991362 |           1
  749995065 |           2
  749995231 |           7
  749995389 |           5
  749995538 |           5
  749995681 |           1
  750000000 |          21
  759974448 |           1
  759975324 |           1
  759978405 |           1
  759980259 |           2
  759980923 |           3
  759982154 |           1
  759982724 |           1
  759985194 |           2
  759985692 |           8
  759986166 |           4
  759986615 |           1
  759990462 |           3
  759990777 |           5
  759991077 |           2
  759991362 |           1
  759995065 |           2
  759995231 |           4
  759995389 |           5
  759995538 |           1
  759995681 |           1
  759995817 |           1
  760000000 |          13
  769980923 |           4
  769981554 |           2
  769982724 |           1
  769985194 |           1
  769985692 |           2
  769986166 |           2
  769986615 |           2
  769987043 |           1
  769988959 |           1
  769990462 |           3
  769990777 |           5
  769991077 |           1
  769995065 |           1
  769995231 |           6
  769995389 |           7
  769995538 |           6
  770000000 |          14
  779966616 |           1
  779972331 |           1
  779976943 |           1
  779980259 |           1
  779980923 |           1
  779981554 |           3
  779985194 |           1
  779985692 |           4
  779986166 |           4
  779986615 |           2
  779987043 |           1
  779989779 |           1
  779990129 |           2
  779990462 |           9
  779990777 |           9
  779991077 |           4
  779991362 |           1
  779995065 |           2
  779995231 |           8
  779995389 |           5
  779995538 |           2
  779995681 |           1
  780000000 |          10
  789967720 |           1
  789976943 |           2
  789980923 |           3
  789981554 |           1
  789982154 |           1
  789984669 |           1
  789985692 |           3
  789986166 |           5
  789986615 |           1
  789990129 |           2
  789990462 |           8
  789990777 |           5
  789991077 |           6
  789994705 |           1
  789995065 |           1
  789995231 |           5
  789995389 |           2
  789995538 |           3
  789995681 |           1
  790000000 |           9
  799976154 |           1
  799980259 |           1
  799980923 |           3
  799981554 |           1
  799982154 |           1
  799982724 |           1
  799985692 |           3
  799986166 |           2
  799986615 |           1
  799989779 |           1
  799990129 |           2
  799990462 |           4
  799990777 |           3
  799991077 |           4
  799991362 |           1
  799995065 |           2
  799995231 |           2
  799995389 |           6
  799995538 |           3
  800000000 |          15
  809976154 |           1
  809980923 |           1
  809981554 |           3
  809982154 |           1
  809985194 |           1
  809985692 |           6
  809986166 |           3
  809986615 |           1
  809989779 |           1
  809990129 |           1
  809990462 |           4
  809990777 |           3
  809991077 |           2
  809991362 |           1
  809994890 |           2
  809995065 |           1
  809995231 |           6
  809995389 |           7
  809995538 |           6
  809995681 |           1
  810000000 |          13
  819976154 |           1
  819976943 |           1
  819980259 |           1
  819980923 |           3
  819985194 |           1
  819985692 |           1
  819986166 |           6
  819986615 |           1
  819990129 |           2
  819990462 |           5
  819990777 |           6
  819991077 |           1
  819995065 |           2
  819995231 |           8
  819995389 |           7
  819995538 |           3
  820000000 |           5
  829973231 |           1
  829977692 |           1
  829980259 |           1
  829980923 |           5
  829985692 |           3
  829986166 |           3
  829986615 |           2
  829990129 |           1
  829990462 |           4
  829990777 |           2
  829991077 |           4
  829994890 |           2
  829995065 |           3
  829995231 |           4
  829995389 |           5
  829995538 |           1
  830000000 |           9
  839976943 |           2
  839980923 |           1
  839982154 |           1
  839985692 |           1
  839986166 |           7
  839986615 |           1
  839987043 |           1
  839990129 |           1
  839990462 |           5
  839990777 |           5
  839991077 |           3
  839995065 |           1
  839995231 |           5
  839995389 |           9
  839995538 |           2
  839995681 |           2
  840000000 |          12
  849976154 |           1
  849976943 |           2
  849979559 |           1
  849984669 |           1
  849986166 |           2
  849986615 |           1
  849989779 |           1
  849990129 |           2
  849990462 |           4
  849990777 |           5
  849991077 |           3
  849995065 |           4
  849995231 |           2
  849995389 |           5
  849995538 |           2
  850000000 |          15
  859981554 |           1
  859982154 |           1
  859985194 |           1
  859985692 |           2
  859986166 |           2
  859986615 |           3
  859990129 |           4
  859990462 |           2
  859990777 |           5
  859991077 |           4
  859991362 |           1
  859994890 |           1
  859995065 |           1
  859995231 |           6
  859995389 |           8
  859995538 |           1
  860000000 |          11
  869975324 |           1
  869976154 |           1
  869977692 |           1
  869981554 |           1
  869982154 |           1
  869985692 |           1
  869986166 |           2
  869986615 |           2
  869987043 |           1
  869990129 |           1
  869990462 |           1
  869990777 |           2
  869991077 |           2
  869995065 |           2
  869995231 |           9
  869995389 |           8
  869995538 |           3
  869995681 |           1
  870000000 |           7
  879966616 |           1
  879976943 |           1
  879982154 |           1
  879985194 |           1
  879985692 |           1
  879986166 |           3
  879986615 |           1
  879987043 |           1
  879990129 |           2
  879990462 |           3
  879990777 |           6
  879991077 |           3
  879995065 |           1
  879995231 |          11
  879995389 |           5
  879995538 |           2
  880000000 |           8
  889975324 |           1
  889977692 |           1
  889979037 |           1
  889981554 |           3
  889982154 |           1
  889985194 |           1
  889985692 |           4
  889986166 |           2
  889986615 |           1
  889990129 |           1
  889990462 |           4
  889990777 |           3
  889991077 |           5
  889995065 |           2
  889995231 |           5
  889995389 |           5
  889995538 |           1
  890000000 |           5
  899985692 |           2
  899986166 |           3
  899990462 |           5
  899990777 |           6
  899991077 |           2
  899991362 |           2
  899995065 |           2
  899995231 |           6
  899995389 |           6
  899995538 |           3
  900000000 |           7
  909980923 |           2
  909981554 |           1
  909985692 |           1
  909986166 |           2
  909986615 |           1
  909990129 |           1
  909990462 |           2
  909990777 |           2
  909991077 |           1
  909994890 |           1
  909995231 |           1
  909995389 |           5
  909995538 |           1
  909995681 |           1
  910000000 |           5
  919967720 |           1
  919976154 |           1
  919980923 |           1
  919981554 |           4
  919984669 |           1
  919985692 |           2
  919986166 |           2
  919986615 |           2
  919990462 |           4
  919990777 |           3
  919991077 |           1
  919991362 |           1
  919994890 |           1
  919995065 |           4
  919995231 |           6
  919995389 |           4
  919995538 |           3
  920000000 |           5
  929981554 |           2
  929985194 |           2
  929985692 |           1
  929986166 |           1
  929986615 |           1
  929990129 |           1
  929990462 |           2
  929990777 |           3
  929994890 |           1
  929995065 |           1
  929995231 |           1
  929995389 |           5
  929995538 |           1
  930000000 |           3
  939980259 |           1
  939985194 |           1
  939985692 |           1
  939990462 |           2
  939991362 |           1
  939995231 |           4
  939995389 |           5
  940000000 |           2
  949965453 |           1
  949967720 |           1
  949985692 |           1
  949986615 |           1
  949990462 |           4
  949990777 |           4
  949991077 |           1
  949995065 |           1
  949995231 |           2
  949995389 |           5
  949995681 |           1
  950000000 |           4
  959976154 |           1
  959980923 |           1
  959985692 |           3
  959986166 |           1
  959990129 |           1
  959990462 |           3
  959990777 |           1
  959995231 |           1
  959995389 |           4
  960000000 |           9
  969980923 |           1
  969982154 |           1
  969985692 |           1
  969986166 |           1
  969989779 |           1
  969990777 |           1
  969991077 |           1
  969995065 |           1
  969995231 |           3
  969995389 |           3
  969995538 |           1
  969995681 |           2
  970000000 |           7
  979980923 |           1
  979985194 |           1
  979985692 |           1
  979986166 |           2
  979986615 |           1
  979990462 |           1
  979990777 |           1
  979991077 |           1
  979995065 |           1
  979995231 |           2
  979995538 |           1
  980000000 |           7
  989981554 |           1
  989985692 |           1
  989986166 |           2
  989990462 |           2
  989990777 |           2
  989994890 |           1
  989995231 |           1
  989995389 |           5
  989995538 |           1
  990000000 |           2
  999980259 |           1
  999980923 |           1
  999985692 |           1
  999986166 |           1
  999989779 |           1
  999990462 |           2
  999990777 |           1
  999991077 |           2
  999995065 |           1
  999995231 |           2
  999995389 |           2
 1000000000 |           4
 1009976154 |           1
 1009990129 |           1
 1009990462 |           2
 1009990777 |           2
 1009995231 |           1
 1009995389 |           3
 1010000000 |           4
 1019985692 |           2
 1019990462 |           1
 1019990777 |           1
 1019995231 |           3
 1020000000 |           1
 1029981554 |           1
 1029985692 |           2
 1029990462 |           1
 1029990777 |           1
 1029995231 |           2
 1029995389 |           5
 1029995538 |           1
 1030000000 |           6
 1039985194 |           1
 1039990462 |           2
 1039990777 |           1
 1039995231 |           1
 1039995538 |           1
 1040000000 |           2
 1049976154 |           1
 1049976943 |           1
 1049985692 |           1
 1049986166 |           1
 1049990777 |           3
 1049995389 |           1
 1050000000 |           2
 1059980923 |           1
 1059984669 |           1
 1059986166 |           1
 1059990462 |           1
 1059995231 |           1
 1059995389 |           2
 1059995538 |           1
 1059995681 |           1
 1060000000 |           4
 1069982154 |           1
 1069985692 |           2
 1069986166 |           2
 1069991077 |           2
 1079981554 |           1
 1079985194 |           1
 1079985692 |           1
 1079986166 |           1
 1079989779 |           1
 1079990777 |           1
 1079994890 |           1
 1079995389 |           2
 1079995538 |           1
 1089981554 |           1
 1089986166 |           1
 1089990777 |           1
 1090000000 |           1
 1099980923 |           1
 1099986166 |           1
 1109985692 |           1
 1109990777 |           3
 1109991362 |           1
 1109995065 |           1
 1109995231 |           1
 1110000000 |           1
 1119985692 |           1
 1119990777 |           1
 1119995538 |           1
 1129987043 |           1
 1129991077 |           1
 1130000000 |           1
 1139985194 |           1
 1139985692 |           1
 1139995389 |           2
 1139995538 |           1
 1149986615 |           1
 1149990777 |           1
 1150000000 |           1
 1159990777 |           1
 1159995065 |           1
 1159995538 |           1
 1169991077 |           1
 1169995065 |           1
 1180000000 |           1
 1189990462 |           1
 1199990777 |           1
 1199991077 |           1
 1199995538 |           1
 1209990462 |           1
 1209990777 |           1
 1209995065 |           1
 1209995231 |           1
 1210000000 |           1
 1219990462 |           1
 1229986615 |           1
 1229995231 |           1
 1239981554 |           1
 1239995538 |           1
 1249986166 |           1
 1250000000 |           1
 1259986166 |           1
 1259990462 |           1
 1279990777 |           1
 1279995389 |           1
 1279995681 |           1
 1289990129 |           1
 1289995231 |           1
 1300000000 |           1
 1309985692 |           1
 1309990777 |           1
 1329991077 |           1
 1339990462 |           1
 1339995231 |           1
 1349995389 |           1
 1359980259 |           1
 1409994890 |           1
 1420000000 |           1
 1429995538 |           1
 1509995389 |           1
 1520000000 |           1
 1549995231 |           1
 1599995231 |           1
 1689990129 |           1
(1895 rows)

